Webots Project File version R2021b
perspectives: 000000ff00000000fd000000030000000000000320000003ecfc0100000001fb0000001e00480074006d006c0052006f0062006f007400570069006e0064006f00770000000000000003200000000000000000000000010000023a000003ecfc0200000001fc0000001a000003ec000000a50100001dfa000000010100000002fb0000001a0043006f006e0073006f006c00650041006c006c0041006c006c0100000000ffffffff0000006900fffffffb0000001400540065007800740045006400690074006f007201000004230000035e0000007700ffffff00000002000005450000010dfc0100000001fb0000001a0043006f006e0073006f006c00650041006c006c0041006c006c0100000000000005450000006900ffffff00000545000002dd00000001000000020000000100000008fc00000000
simulationViewPerspectives: 000000ff000000010000000200000000000005430100000002010000000100
sceneTreePerspectives: 000000ff00000001000000020000017b000000fa0100000002010000000200
maximizedDockId: -1
centralWidgetVisible: 1
orthographicViewHeight: 1
textFiles: 0 "controllers/Py_Controller/Py_Controller.py"
consoles: Console:All:All
consoles: Console:All:All
renderingDevicePerspectives: robot:camera;0;2.78889;0;0.151899
