Webots Project File version R2021b
perspectives: 000000ff00000000fd000000030000000000000320000003acfc0100000001fb0000001e00480074006d006c0052006f0062006f007400570069006e0064006f0077000000000000000320000000000000000000000001000002ac000003d0fc0200000001fb0000001400540065007800740045006400690074006f00720100000015000003d00000009d00ffffff00000002000004ce0000014afc0100000001fb0000001a0043006f006e0073006f006c00650041006c006c0041006c006c0100000000000004ce0000005400ffffff000004ce0000028000000001000000020000000100000008fc00000000
simulationViewPerspectives: 000000ff000000010000000200000118000003d10100000006010000000100
sceneTreePerspectives: 000000ff0000000100000002000001c0000000fc0100000006010000000200
maximizedDockId: -1
centralWidgetVisible: 1
orthographicViewHeight: 1
textFiles: 0 "controllers/Py_Controller/Py_Controller.py"
consoles: Console:All:All
renderingDevicePerspectives: robot:camera;1;1;0.103814;0.0121951
